6.449102173945013838e-01 1.186177375212184443e-01 3.725134826403276866e-01 8.310044242300956840e-01 2.967326096059222373e-01 3.778363350040040425e-01 3.024066385527708345e-01 3.116528369665367837e-01 3.522650247875039331e-01 2.981044966074344327e-01 3.503691067236870404e-01 3.438572791301572895e-01
1.186178544346499220e-01 8.836986629992118480e-01 3.623782472265946741e-01 4.144813499414824742e-02 4.725210729212311889e-01 3.569723379477163783e-01 4.721437092127986346e-01 4.543716659473953090e-01 3.801882437901777934e-01 4.899441418533730941e-01 3.988276705634579700e-01 3.963934218616030902e-01
3.725134608579559470e-01 3.623782675761236249e-01 4.989978799047326552e-01 3.342208221573435556e-01 4.085323506697599583e-01 3.638587008029903203e-01 3.579761636205466280e-01 3.438248841023341384e-01 3.557856590886506187e-01 3.531152927989842927e-01 2.648956717399563177e-01 4.307684875603391417e-01
8.310042651020397297e-01 4.144809617261628609e-02 3.342208513393384317e-01 1.000000000000000000e+00 2.393384618021887622e-01 3.863826628146251330e-01 2.646880473167489978e-01 2.822241413555586220e-01 3.513247415977202026e-01 2.565638108921109994e-01 3.658700742495744618e-01 3.076856874906759853e-01
2.967325233781567539e-01 4.725213033186467237e-01 4.085323397991399985e-01 2.393382968768634489e-01 4.118977118309168350e-01 3.634970830983575985e-01 3.854100566328071409e-01 3.789145162662231892e-01 3.727020859891790883e-01 3.804349065247940587e-01 3.415537862695998128e-01 4.016314823384329324e-01
3.778363452604542316e-01 3.569723155165251405e-01 3.638587020086965218e-01 3.863826862440589149e-01 3.634970835559285240e-01 3.693271639159131370e-01 3.666671995301574172e-01 3.674029659671435022e-01 3.683562324675069277e-01 3.671194569083775505e-01 3.720156307669738038e-01 3.647884413184985797e-01
3.024066769778281372e-01 4.721437222239830978e-01 3.579761590645796909e-01 2.646880685485437090e-01 3.854100154220981844e-01 3.666672039293543683e-01 3.905309478739453777e-01 3.867565604931713641e-01 3.696694368480172854e-01 3.937610775361733428e-01 3.846909642684110953e-01 3.691647096745344636e-01
3.116528352199762764e-01 4.543717354053054547e-01 3.438248790210434169e-01 2.822241040581366378e-01 3.789144927761037285e-01 3.674029683785703382e-01 3.867565717255628810e-01 3.891921444115020168e-01 3.789955914440783502e-01 3.898326624013594977e-01 3.926743191506721908e-01 3.625851099947686174e-01
3.522647409676008534e-01 3.801886654667190890e-01 3.557856479690295060e-01 3.513242536128164950e-01 3.727021668516590780e-01 3.683562227250400389e-01 3.696695220410843863e-01 3.789956631155144695e-01 3.994829863149534921e-01 3.628492613181000248e-01 3.627771295931652151e-01 3.707513769717664109e-01
2.981047166636667800e-01 4.899438461801757239e-01 3.531152950383673050e-01 2.565641081042011051e-01 3.804348014083884788e-01 3.671194688406586581e-01 3.937610187761070302e-01 3.898325998206440546e-01 3.628491569187302646e-01 4.076774993414694070e-01 3.892555925535283734e-01 3.602491445163953920e-01
3.503692738634200943e-01 3.988274505224518318e-01 2.648956745938855772e-01 3.658703470501615262e-01 3.415537276971979397e-01 3.720156379898817978e-01 3.846909188130864243e-01 3.926742759910336611e-01 3.627770917483352786e-01 3.892555626100357991e-01 5.061301546784078287e-01 3.178096512782198069e-01
3.438571391310246694e-01 3.963936511026913689e-01 4.307684797956804479e-01 3.076854525451858668e-01 4.016315185609388161e-01 3.647884370203264282e-01 3.691647546858701223e-01 3.625851449231518031e-01 3.707513601821927351e-01 3.602492103366704557e-01 3.178096785007316072e-01 4.079372398630616292e-01
