1.000000000000000000e+00 1.794218471010208059e-19 1.843199925093765204e-07 9.761665581618122144e-35 1.765026607450259355e-01 3.341250515199815085e-01 8.802403481930911600e-01 3.525288046998841305e-08 7.571241247729214585e-01 7.095121799530724749e-01 2.726531000757100682e-04 4.935461996157845532e-01
1.794218471010208059e-19 1.000000000000000000e+00 8.784625204051965675e-01 9.667280476763495667e-01 1.449345051111204132e-02 2.226723379312309323e-03 6.692397484433453049e-43 9.035628371846234907e-01 7.608056674270812751e-06 1.668599927896857298e-05 5.344379786284649825e-01 3.795196660723072096e-04
1.843199925093765204e-07 8.784625204051965675e-01 1.000000000000000000e+00 3.366429068746158992e-01 5.978553441961829140e-01 4.005011419238889703e-01 1.335982397158271927e-19 9.999597386543203070e-01 7.543326968351303508e-02 9.503594969078864307e-02 9.916979559290935997e-01 2.391756254296065753e-01
9.761665581617012412e-35 9.667280476763518982e-01 3.366429068746158992e-01 1.000000000000000000e+00 7.050843433513422044e-06 1.591950179076783615e-07 3.237407669017673741e-69 4.009209099805441934e-01 2.855442458589681779e-12 1.292761111108220548e-11 5.167874625687505358e-02 4.839576691883096404e-09
1.765026607450230489e-01 1.449345051111204132e-02 5.978553441961829140e-01 7.050843433513108641e-06 1.000000000000000000e+00 9.988985549134045128e-01 1.049728722005763542e-04 5.154638949888329380e-01 9.680583302243367383e-01 9.743474799679444631e-01 9.119310659601972402e-01 9.946896175832214970e-01
3.341250515199815085e-01 2.226723379312309323e-03 4.005011419238889703e-01 1.591950179076865671e-07 9.988985549134049569e-01 1.000000000000000000e+00 1.164158627093570203e-03 3.316569070841437483e-01 9.899290409287638814e-01 9.917352517998089256e-01 7.979261292853014886e-01 9.982445550226438646e-01
8.802403481930911600e-01 6.692397484432692348e-43 1.335982397158271927e-19 3.237407669017673741e-69 1.049728722005802709e-04 1.164158627093570203e-03 1.000000000000000000e+00 4.322037941042871894e-21 4.757826962715704794e-02 3.343939532511508439e-02 1.881464671762737205e-12 5.717134811311999805e-03
3.525288046998841305e-08 9.035628371846271545e-01 9.999597386543201960e-01 4.009209099805441934e-01 5.154638949888329380e-01 3.316569070841481892e-01 4.322037941042871894e-21 1.000000000000000000e+00 4.768026702194395200e-02 6.203828816330887036e-02 9.829984183277032939e-01 1.776746023921793871e-01
7.571241247729214585e-01 7.608056674271475131e-06 7.543326968351303508e-02 2.855442458589874841e-12 9.680583302243388477e-01 9.899290409287651027e-01 4.757826962715704794e-02 4.768026702194395200e-02 1.000000000000000000e+00 9.999675933132108341e-01 4.097226074153428321e-01 9.981939700319878428e-01
7.095121799530724749e-01 1.668599927896857298e-05 9.503594969078682508e-02 1.292761111108220548e-11 9.743474799679444631e-01 9.917352517998089256e-01 3.343939532511508439e-02 6.203828816330757973e-02 9.999675933132108341e-01 1.000000000000000000e+00 4.577740690831767489e-01 9.994665953592096752e-01
2.726531000757100682e-04 5.344379786284596534e-01 9.916979559290923785e-01 5.167874625687505358e-02 9.119310659602007929e-01 7.979261292853014886e-01 1.881464671762737205e-12 9.829984183277032939e-01 4.097226074153378361e-01 4.577740690831767489e-01 1.000000000000000000e+00 6.721065203495991680e-01
4.935461996157898268e-01 3.795196660723072096e-04 2.391756254296065753e-01 4.839576691883096404e-09 9.946896175832223852e-01 9.982445550226438646e-01 5.717134811311999805e-03 1.776746023921793871e-01 9.981939700319878428e-01 9.994665953592096752e-01 6.721065203496044971e-01 1.000000000000000000e+00
